>> matrix1(5)
ans =
 1   0   0   0   1
-1   1   0   0   1
-1  -1   1   0   1
-1  -1  -1   1   1
-1  -1  -1  -1   1